%YAML:1.0
---
intrinsic: !!opencv-matrix
   rows: 3
   cols: 3
   dt: d
   data: [ 6.1192892245687494e+02, 0., 3.2223555510376531e+02, 0.,
       6.1246776354466385e+02, 2.3863142209914088e+02, 0., 0., 1. ]
dist_coeff: !!opencv-matrix
   rows: 1
   cols: 5
   dt: d
   data: [ 5.6450786056504491e-02, 6.0534970608409244e-01,
       4.3399157790794222e-03, -2.9192032392977257e-03,
       -2.6830449819363493e+00 ]
