%YAML:1.0
---
intrinsic: !!opencv-matrix
   rows: 3
   cols: 3
   dt: d
   data: [ 9.1573505839740756e+02, 0., 6.4377495864662376e+02, 0.,
       9.1642634661572913e+02, 3.5248830188428934e+02, 0., 0., 1. ]
dist_coeff: !!opencv-matrix
   rows: 1
   cols: 5
   dt: d
   data: [ 1.0792939540478523e-01, -1.7274359944864473e-01,
       2.0139095761028815e-03, -4.8092950579297061e-04,
       -2.0882578204649219e-01 ]
