%YAML:1.0
---
intrinsic: !!opencv-matrix
   rows: 3
   cols: 3
   dt: d
   data: [ 9.0888782391834661e+02, 0., 6.4835573010532846e+02, 0.,
       9.0959427769121908e+02, 3.5246588600411093e+02, 0., 0., 1. ]
dist_coeff: !!opencv-matrix
   rows: 1
   cols: 5
   dt: d
   data: [ 1.5637012411100804e-01, -4.4308569627431166e-01,
       1.2216644650359320e-03, -5.8109829792921521e-04,
       3.0311344249179067e-01 ]
