%YAML:1.0
---
intrinsic: !!opencv-matrix
   rows: 3
   cols: 3
   dt: d
   data: [ 1.3641073377415955e+03, 0., 9.7336761089001351e+02, 0.,
       1.3659555096678298e+03, 5.2454297913508000e+02, 0., 0., 1. ]
dist_coeff: !!opencv-matrix
   rows: 1
   cols: 5
   dt: d
   data: [ 1.4786839884722910e-01, -3.9459980062338146e-01,
       1.4793332955967836e-03, 1.8954985115464331e-04,
       2.2349989196786799e-01 ]
