%YAML:1.0
---
intrinsic: !!opencv-matrix
   rows: 3
   cols: 3
   dt: d
   data: [ 916.1176, 0., 646.2867, 0.,
       916.8237, 359.2613, 0., 0., 1. ]
dist_coeff: !!opencv-matrix
   rows: 1
   cols: 5
   dt: d
   data: [ 0.0871, 0.2193, -1.3628, 0.0042, -0.0017 ]
