%YAML:1.0
---
intrinsic: !!opencv-matrix
   rows: 3
   cols: 3
   dt: d
   data: [ 6.3222093259395888e+02, 0., 6.3826069678354077e+02, 0.,
       6.3256723188005526e+02, 3.7106573682577545e+02, 0., 0., 1. ]
dist_coeff: !!opencv-matrix
   rows: 1
   cols: 5
   dt: d
   data: [ -5.2289738343537992e-02, 6.3000340612263922e-02,
       1.6605307056968299e-03, 2.7972229484721141e-04,
       -2.2101709401948194e-02 ]
