%YAML:1.0
---
intrinsic: !!opencv-matrix
   rows: 3
   cols: 3
   dt: d
   data: [ 6.0876112336911458e+02, 0., 3.2660963944726274e+02, 0.,
       6.1094536129702526e+02, 2.3399559843350689e+02, 0., 0., 1. ]
dist_coeff: !!opencv-matrix
   rows: 1
   cols: 5
   dt: d
   data: [ 6.0099169363954652e-02, 4.8987364016828638e-01,
       3.1747266979999574e-03, -3.0195477799385634e-03,
       -2.2005369750621697e+00 ]
