%YAML:1.0
---
intrinsic: !!opencv-matrix
   rows: 3
   cols: 3
   dt: d
   data: [ 6.0683419983400883e+02, 0., 3.2761288006081522e+02, 0.,
       6.0759918693720005e+02, 2.3399131635616728e+02, 0., 0., 1. ]
dist_coeff: !!opencv-matrix
   rows: 1
   cols: 5
   dt: d
   data: [ 6.1644531509665125e-02, 4.8215809511835811e-01,
       2.8559666266068226e-03, -1.7398065108078212e-03,
       -2.1752290536794305e+00 ]
